0
0
0
0
0
0.04853948796336411
0
0.05855812607738821
0
0
0
0
0
0
0
0
0
0
0
0
0
0
0.076286850198245
0
0
0
0
0.05363180602603728
0
0
0
0
0
0.06713463189663303
0
0
0
0
0
0
0
0
0
0
0
0
0
0
0
0
0.06138364662976299
0
0
0
0
0
0
0
0
1e+300
0
0
0
0
0
0
0
0
0.05755904206907301
0
0
0
0
0
0.06728199150411007
0
0
0
0
0
0
0
0
0
0
0
0
0
0
0
0
0
0
0.04643897080952143
0
0
0
0
0
0
0
0
0
0
0
0
0
0
0
0
0.05406437394127266
0.48048791129963514
0.5606401408954472
0.5297665720472357
0.28284695006958693
0.3993579099803
0.07291735799411016
0.09968619366706394
0.2644247381262664
0.40795964178480143
0.45334270466018994
1e+300
1e+300
0.4746735994876114
0.4765981223352675
0.3764257538804581
0.11090032438853839
1.1793780380360577
1e+300
1e+300
0.2893819562723057
0.059376526640173455
0.13355450245319136
0.4497755285516739
1e+300
0.250595297111597
0.12180568193725691
0.07042125335696739
0.1724370153414982
0.1412186546847573
0.49456713360605
0.2102357907927844
0.27973993208400433
1e+300
0.21638981615717023
0.08853767649484401
1e+300
0.2151630135036649
0.2021773459528957
0.08500507049764872
0.09961907302735871
0.07253435413672467
0.07803966919367743
0.421044800596399
5.272716586179796
0.45952267663552065
0.06780773450785041
1e+300
1e+300
0.16137696801896725
0.3481243368503586
0.8050212665159209
3.177520997922601
1e+300
0.10273265196507747
0.1784856305199754
0.06489236893064836
0.6841348812015038
0.5176990453117517
1e+300
0.4252830325374455
0.1694695528402988
0.12285000926030465
0.22144507917862868
0.404389671098332
0.11612248374084284
0.08511544811725825
0.17934120768946227
0.27786783988298874
0.0971622333107813
0.08583821416421254
0.08139134650665554
0.08819665332707867
0.09973451522554591
0.11453558889192018
0.2357752793731069
1e+300
0.07553462788888543
1e+300
0.19695662322410004
0.0887225875013946
0.20130279940772539
0.10297663279008977
0.25661429409420483
1e+300
0.8550000746280146
0.47729904931642125
0.23165272954631622
0.3033184423396384
0.14833860055754006
0.10183214775503073
0.0834381266754163
0.32110065602427096
0.5752843625085089
0.18558489525676405
1e+300
0.2519702683536848
0.10153529668249295
0.26612619045664676
0.15002748354805034
0.1112974494873172
0.0986859360083762
0.4506121260105311
0.07198689297348418
0.13186059997336538
0.05517777592645166
1.0327906158090907
0.07872652970549734
0.06616540864483841
0.08937635012548509
1.1842484569062022
0.1481871546756254
0.12883632983405444
0.07436996405263802
0.08112069831210425
0.047734690701254585
0.10269317302499498
0.7423499090116487
0.18382727137238228
0.30047186021174593
1e+300
1e+300
0.1181179406415002
0.34400895641508483
1e+300
0.10882283138745404
0.15679702278085875
0.0887225875013946
0.13827108238808186
0.12504289945909167
1.775340908114208
0.3737351686114793
0.15236003076326643
1e+300
0.13621769385914623
0.5994845062407639
0.09972290354708398
0.1813997027711875
2.015643504472136
0.4578797870646493
2.2695222683755247
0.3038885988985572
0.8396407081763995
0.3821388668184757
0.09157848036887886
0.5238874410038724
0.5698598474003422
0.08152568544244872
0.40863589494904046
0.400377046985904
0.14655184977431904
0.0749733753920651
0.15528488454868056
0.36692829011852984
0.19113892613961045
0.7825012578269737
0.2941559185177259
0.06606083828372264
0.1526647940117823
0.18763510956840887
2.8351118984315833
1e+300
0.08520793822112391
0.07601653696849849
0.13375030688201062
0.1434315359569455
0.24044917348149397
0.0927205195687583
0.354108548279976
0.08651065724126077
0.0633308641807606
0.1008599923252305
0.315214476754454
0.32593961745202044
0.7869173579103798
1.3905833398673364
0.1463773984100356
0.4091586798265518
0.13381727303259863
0.26269731101386307
0.42315330447945276
0.3853769700187066
0.08271159999845971
0.18249946607536524
0.1136552834573858
0.3157655126039178
0.9525423180403361
1e+300
0.9212294120921938
0.12526044454556
0.22637678975483372
0.15627735764689216
0.05720196382536649
0.1228428177312088
0.08302106538764922
0.40034534737382443
0.6633307301011722
0.3532001354976312
0.13132864270817285
0.09575092150549663
0.08248446366214897
0.10634916729670314
0.3491380153386926
0.0605879547567455
0.12683438386168797
0.22728653541820706
0.09335840166837671
1.1101409153758648
0.48351229672613344
0.15518806283305253
0.06155163988427467
0.1835691774549369
0.1404077145655214
0.1766538515465325
0.17005186776990988
0.11279838599206969
0.1012256944548657
0.5618387018273269
0.07435431366156232
0.11041222338863094
0.10488503816912019
0.06966366071824194
0.1431186074509797
0.11667228942050774
0.0849544893932246
1e+300
0.4536521070641244
0.3680587191054977
1e+300
0.055795561066592385
0.22046921634622077
0.20114409685992587
0.5253340023740832
0.31361372665856374
0.17518330612684282
0.09285426395041926
0.07050987315176688
0.1888940331660783
0.4135726106696243
0.24140550406390776
1e+300
0.09537152120566059
0.5267544252022538
0.4242100484452445
0.08543430140856248
0.07919278523786892
0.087994631368449
0.24247921983542867
0.12776130532970414
0.1696326003475483
0.08718426575184875
0.1527534164063858
0.25232194902514393
0.1387220406473505
0.19218475887204864
0.2539648929429355
0.08522199235118515
0.27536661473809715
0.13690957967867884
0.25750325942166935
1e+300
0.43163547413463166
0.06919392985067074
0.059174815576040256
0.08653640641928435
0.09050036287364037
0.44503176170522446
0.11457656021441708
0.08114209975832558
0.07452332923135867
0.0986861796733079
0.49456713360605
0.18567352691311376
0.08955262598601516
0.1943439770621016
0.37353575379516313
0.09534762602111219
0.12841635501236637
0.08878784980328379
0.07488408243128945
0.12886884781332003
0.24321280766385545
0.10158365962332756
0.49626233469164355
0.2547938853926374
0.12733114967544357
0.5872009360862313
0.2089887624296288
0.14492805940824913
0.30939435251019815
0.42321283045896274
0.05511060095015111
0.059221231953148955
0.16272923444749274
1.5063035831666685
0.0760088076246942
0.1368620986270652
0.4962533718912089
0.3127769351019329
0.07850827578819002
0.20961527797141785
0.3531449759900002
0.539937539621605
0.16176255666609118
0.16199707546852496
0.1170387323901984
0.44972127306613796
0.3865061339584882
0.058252787487440186
0.08466219370091758
1e+300
0.12407674283437496
0.12485544027884558
0.13151466026835806
0.0908819121829874
0.14941144408797988
0.08659693386304093
0.08379179078173711
0.0699277164666312
0.48303648187408643
0.7490630718728051
0.14553490659235616
0.08419187858473902
0.27487455969052116
0.09593433266585809
0.10085884636358959
0.08106352172757868
0.07528729401147058
0.13897316046019995
0.1080030677132995
0.07145547210106455
0.14269221735926552
1e+300
0.1112974494873172
1e+300
0.1236280238692587
0.09677261381508814
0.08188069506130077
0.09758812961772012
0.2591380393827845
0.13052827833784772
0.06904679128677922
0.07678026358976667
0.13123591347303806
0.09253075065028418
0.05203005570842782
0.07208510923675976
0.12708756985665806
1e+300
0.09951018480829327
0.6134690831499348
0.10432568184296742
0.17300958418171783
0.15499481827318606
0.25706355714085083
0.0667671190410542
0.2592577204776304
0.14235727347684352
0.3188188281659695
0.10281118892519797
0.18731693515580902
0.4986701540314378
0.6798781730240913
0.0988778043344038
0.1177956203382873
0.3536984719934934
0.09593208601998701
0.10786116606935016
0.08188263409304683
5.176895293687301
0.20414791565137222
0.23087540983326849
0.06773352955513248
0.07892119551076668
0.41703239142424664
0.28037782371655184
0.07278819129746199
0.07730227367393241
0.09143838149187027
0.14084285002930255
0.3542029352673412
0.07756342425844968
0.08040660229228347
1e+300
0.404389671098332
0.19806728357014572
0.172093277324268
0.17101656095801798
0.4326815004282208
0.1820487891806295
0.06920941465018132
0.10449871261544416
1.6887680683020045
0.19130638409171905
0.08800149866921585
0.8597337435263978
0.15717529106475062
0.13897119902063618
0.5097112167802337
0.4028126021172686
0.23598618989270365
0.06703984123871536
0.24121258945540555
0.11116286506837719
0.13999956596421362
0.13311786787357302
0.16640688431683195
0.09959712415036509
0.06704127856556276
0.23732630183513453
0.12427025768695331
0.09258092873885765
0.1661070531012421
0.1584904989728448
0.6605620993514933
0.12716912859043883
0.47092986951823396
1e+300
0.05686576278307702
0.30341307554227914
0.2190621329400229
0.1576826657754195
0.1314510348394412
0.12993745390291309
0.06892206975904253
0.1523090756835326
0.09382619595349832
0.3212784188375452
0.10333594205559489
0.29946198857280415
0.22647062915217991
1e+300
1e+300
0.37998189195617527
0.11244510919303531
0.29589315656792875
0.14010078429672673
0.1696326003475483
0.08785577959390578
0.09534327563337096
0.059054649118247926
0.07127365706249374
0.21954614615467274
0.16191987735652633
0.14795525271851742
0.1749267104879538
0.09957245214716247
0.5856389739425587
0.11357123733359265
0.2596626515549234
0.2631081163520014
0.10982506235425127
0.11316312757936987
0.3996698142746324
0.3387297489129853
0.17917714290842948
0.07005041326751237
0.1286875786145336
0.1575290755191317
0.1755604517586835
0.08516860539333451
0.0988792139879057
0.23807680898750347
0.17655268571083116
0.1157733438893779
0.08624480244883036
0.07787559949503374
0.14427089951774696
0.11660987561156826
1e+300
0.08928859830431456
0.08158381172538907
0.1281467223170205
0.11040048700124644
0.11656288482036752
0.25889525573331523
0.1155091796318051
0.09880958998959077
0.3849754795258486
0.1646266031765139
0.11263791869440223
0.3208124568221782
2.508793417744073
0.28421466025355774
0.06978257485008289
0.5162482169261687
0.2703529026474672
0.0732187277930794
1.8043320659771367
0.16573862735119116
0.09392154641703018
0.22831347659601084
0.11451868021646278
0.13674203478347335
0.08692927931034497
0.07986649157568053
0.1074628383254109
0.09339746084605856
0.07737939331500485
0.2337908547694725
0.8495571101674708
0.0938615124496407
0.11682408680134228
0.08176749798487415
0.19812889475686213
0.11307344368105117
0.14761546819777574
0.08942576438808933
0.11457684828960842
0.20426988441640995
0.08303435810632942
0.14084285002930255
0.06257779188297324
0.10856375542854235
0.2109621108467504
0.38031005407226376
0.10685714785499942
0.6605620993514933
0.8860421033658945
0.18100868672324683
0.06234391081486768
0.1421339035599519
0.08362515487634059
0.2792219836667145
0.07112042267646616
0.4485687063663944
0.17731603382817723
0.06878844005636515
0.11821204166075319
0.07048603553591652
2.342917719232008
0.08179349503375358
0.22471613593531986
0.05460930577513872
0.130852865724958
0.052535818712970264
0.10850768306976265
0.10923056334986933
0.18570132028802563
0.13880970005614301
1.0195454478232653
0.08878784980328379
0.0900346266077019
0.10959950521196243
0.1861766052008809
1e+300
0.09063467300888652
0.1863630965800539
0.3177160212280945
0.10651226356482937
0.6781207998666521
0.0974001456253013
0.05178620760105222
0.06737980996549486
0.26826635301570073
0.13214687224008373
0.09066397197274266
1e+300
0.1340186328012331
0.20493946979347838
0.32118037031705243
0.2470779544631473
0.14649474067697113
0.2260548360406504
0.46398971919502496
0.27764108745338273
0.11544286538539214
0.11118906974428794
0.22356600739306098
0.09050896065346246
0.47240010784629294
0.3701809730852499
0.1515021075679273
0.0797582573533984
0.13680706023282663
0.13312940307653137
0.16898818007842006
0.13089694289164008
0.10226222078572496
0.054422605087066984
0.22086324868774537
0.08084862136115537
1e+300
0.07437739844326334
0.31872829447988543
1.0327906158090907
0.8718070462494156
0.15142672616869238
0.08584246482185358
0.06614498711006747
0.07380882569534644
1e+300
0.08064606550098477
0.15593827561562826
0.12511699240132068
0.8623305049665028
0.08551892510648644
0.21150688136539644
0.19871194839692732
0.0879846828115897
0.09861039439494255
0.13686327816353616
0.07930993298704242
0.05973417846277284
0.0696083908096651
0.07594859257347765
0.07451510276593909
0.06409297900237525
0.059591410914145174
0.05000915320403257
0.06789726146211421
0.056101043962391295
0.08304892548022119
0.05775011115375451
0.08549912485338841
0.20525946517740612
0.05138730500708771
0.07996282146615964
0.05000589489417895
0.06744645677052476
0.09213879227060444
0.05809875348757814
0.06411885103901988
0.06507155951857209
0.062033294705968335
0.07729721430657133
0.09654254718454616
0.061759793600345815
0.07567122000525887
0.06851637286135852
0.06623857950758137
0.05726235237032584
0.06421618226273912
0.06925167576427206
0.04726011783022249
0.05853155552664114
0.058510133475637015
0.07516519410755855
0.09898968097127848
0.06291938380845491
0.07587006393642022
0.06791589210472862
0.06818903265989114
0.05414594915897062
0.06995591457801036
0.05418240411511167
0.06802157323771742
0.06958488923237549
0.08201009267004736
0.06822587791345731
0.06926227657058313
0.08240187015643205
0.08581255024308632
0.07088022249728315
0.07654164175252405
0.06553036489922591
0.052604802220744484
0.06275440348362245
0.09741383126123293
0.20066938519533475
0.05789794566491509
0.07428053338234339
0.06296991097974053
0.05514664135279806
0.06984666976884442
0.06512745563660279
0.10685892740790377
3.356422316355233
0.7540686060655284
1e+300
0.10509678048245606
1e+300
1e+300
0.14894328452736302
1.1488898843370416
0.2568370317145135
4.467739340314625
0.4246769651647074
1e+300
0.22596040072178075
0.09730458844375002
2.8726352104992854
0.10405309247915501
0.3419581552575182
0.17053816307435138
0.060922793867921994
1e+300
1e+300
1.7431816775536089
0.13788578489892564
0.17120230059657265
0.05187804303086476
0.9342299317097948
0.39949578336799985
0.06804629005594659
1e+300
0.11512484855320447
0.08350253837813136
0.0864118243069778
0.05922311279501875
0.10224027487644159
0.0802984361685477
0.20382863083511604
0.2443919888951613
0.9342299317097948
0.8151905450079049
1.9041468565793667
1.449607369684317
0.0939986657315471
1e+300
0.07904923243735637
0.2628969132111122
2.20562008446033
0.11670223675219436
0.5217711540947894
1e+300
1e+300
0.05916128384117127
0.16667321095333928
0.17586326750662565
0.10097271237601746
0.08097138730575353
0.12640641021528687
1e+300
0.07329977035238079
0.09242820944803391
0.07856348673018997
0.1487137496822843
0.12818093584868037
1e+300
0.07268694979378396
0.12528459063739347
0.1056650215564735
1e+300
0.06979616937969817
0.06867217182779581
0.08114086502798498
0.17691438215533434
0.09944410059138595
0.13405023258275947
0.08359128909054452
0.09942170637087294
0.8761496218438359
0.08924365774503831
0.2510971698030876
0.04792412936355739
0.13748241544095807
0.13005094222947677
0.06788282684559956
0.07423030248709069
1.0892545185267657
1e+300
0.34717577628796736
0.07725954551264538
0.281824726185902
0.8489089904698897
1.664386242256721
0.10521113818112666
0.060152125038419754
0.19654916372863196
0.8373390236200875
0.07884525650150001
0.09810757693451913
0.1315794614033677
1.450430832951923
0.06278758318557405
0.06531803210165671
0.06837588564612453
0.07494426649431633
0.05109737180974396
0.07721492762599043
0.07750454090257566
0.06854380176693607
0.08143370747881838
0.07899783725928398
1e+300
0.2008882013911109
0.20970816268607356
0.10267017051686736
0.2930466487133886
0.1186118737505231
0.05605253591445155
0.12056083170994208
0.20911550095220757
0.1269125846994616
0.45479441943614185
0.2110043683484525
0.11114826247339152
0.09508979747036474
0.8761496218438359
0.7374193044923635
0.10287247805560454
1.664386242256721
0.35518821761402436
0.09610512366132647
0.26358734494806685
0.05774332435956606
1.2937833113231059
0.13270034693086408
2.0794825219288517
0.06864149793343767
0.061639517783424635
4.044438961352088
0.07285537511880541
0.05998889360167271
0.15918696078739947
0.13084788699061792
0.07032215426367501
0.09620897672123531
0.08622648875181842
0.12930288664272546
0.07245463479447017
0.0691027596352626
0.07460015573129997
0.0794916292740187
1.635885774591508
0.13555432710591492
0.06254118215065474
0.0652586838648645
0.06602044246040922
0.267263196732042
0.06673737327342469
0.17691438215533434
8.995324992133533
1e+300
0.11328387200640315
0.07398645905562806
0.07395854704009233
0.14692191786350633
0.36227001692313626
0.2847748996615279
0.07586153891528383
0.08696063985714118
0.07787664649138139
0.120941053958689
0.2643182875587403
0.0782473274144953
0.057540692522736504
0.0829347850149117
0.23397664899873974
0.06326478769883054
0.08251893776388809
0.34580978025515335
0.24263530360723443
0.08696063985714118
0.1377487101453281
0.12410651556609652
0.13667221751317524
0.22346430038474255
1.250086271276135
0.3292473654888375
0.324901188176225
0.31811545394429636
0.10311871092274494
0.10224027487644159
0.10714852984161735
0.7799140931505054
0.31605555721315204
0.2889093721455843
0.08128273846096483
0.5786622186159094
0.11460815445137175
0.5498360716327532
0.12181503894061832
0.1061626187162748
0.20023647055438085
0.12077572757059743
0.187828639716626
0.11007940420930842
0.0878891126018236
0.08376740404156474
0.07456170081557434
0.14756130727857988
0.5004021116148891
0.06428667955176706
0.1471945055928893
0.06256975327658047
0.0672521548153114
0.0558685949941696
0.06841346469864185
0.07656416304578897
0.052575839313344204
0.07978167656136788
0.07198346865529222
0.11471064322412011
0.0758263971326068
0.0744460937622521
0.0868812057742096
0.07758447930344431
