0
0
0
0
0
0.9295359586241757
0
1.6486586255873816
0
0
0
0
0
0
0
0
0
0
0
0
0
0
1.55814461804655
0
0
0
0
1.2396908869280152
0
0
0
0
0
1.4403615823901665
0
0
0
0
0
0
0
0
0
0
0
0
0
0
0
0
1.3350010667323402
0
0
0
0
0
0
0
0
3.6375861597263857
0
0
0
0
0
0
0
0
1.6486586255873816
0
0
0
0
0
2.538973871058276
0
0
0
0
0
0
0
0
0
0
0
0
0
0
0
0
0
0
1.1526795099383855
0
0
0
0
0
0
0
0
0
0
0
0
0
0
0
0
1.6486586255873816
2.538973871058276
2.9444389791664407
2.538973871058276
2.538973871058276
2.538973871058276
1.4403615823901665
2.0281482472922856
2.9444389791664407
2.538973871058276
2.9444389791664407
3.6375861597263857
3.6375861597263857
2.538973871058276
2.9444389791664407
2.538973871058276
1.2396908869280152
2.9444389791664407
3.6375861597263857
3.6375861597263857
2.538973871058276
0.7472144018302211
1.3350010667323402
2.0281482472922856
3.6375861597263857
2.538973871058276
2.2512917986064953
1.55814461804655
2.538973871058276
2.538973871058276
2.9444389791664407
2.0281482472922856
2.538973871058276
3.6375861597263857
2.538973871058276
1.845826690498331
3.6375861597263857
2.2512917986064953
2.538973871058276
2.0281482472922856
2.0281482472922856
1.4403615823901665
1.6916760106710724
2.538973871058276
2.9444389791664407
2.9444389791664407
1.4403615823901665
3.6375861597263857
3.6375861597263857
2.2512917986064953
2.9444389791664407
2.9444389791664407
2.9444389791664407
3.6375861597263857
2.0281482472922856
2.2512917986064953
1.55814461804655
2.9444389791664407
2.538973871058276
3.6375861597263857
2.2512917986064953
1.3350010667323402
1.6916760106710724
2.9444389791664407
2.538973871058276
2.2512917986064953
2.0281482472922856
2.0281482472922856
2.9444389791664407
1.845826690498331
1.845826690498331
2.0281482472922856
2.0281482472922856
1.55814461804655
2.2512917986064953
2.538973871058276
3.6375861597263857
1.55814461804655
3.6375861597263857
2.2512917986064953
2.0281482472922856
2.538973871058276
1.8718021769015913
2.538973871058276
3.6375861597263857
2.9444389791664407
2.9444389791664407
2.538973871058276
2.538973871058276
2.0281482472922856
2.0281482472922856
1.4403615823901665
2.2512917986064953
2.538973871058276
2.2512917986064953
3.6375861597263857
2.538973871058276
1.6486586255873816
2.538973871058276
2.2512917986064953
1.845826690498331
2.0281482472922856
2.9444389791664407
1.6916760106710724
2.2512917986064953
1.072636802264849
2.538973871058276
1.845826690498331
1.6916760106710724
2.0281482472922856
2.9444389791664407
2.0281482472922856
2.2512917986064953
1.55814461804655
1.55814461804655
0.6931471805599453
2.2512917986064953
2.9444389791664407
2.9444389791664407
2.538973871058276
3.258096538021482
3.6375861597263857
2.0281482472922856
2.9444389791664407
3.6375861597263857
2.2512917986064953
2.2512917986064953
2.0281482472922856
2.0281482472922856
1.845826690498331
2.2512917986064953
2.538973871058276
2.538973871058276
3.6375861597263857
2.2512917986064953
2.9444389791664407
1.6916760106710724
2.538973871058276
2.9444389791664407
2.538973871058276
2.9444389791664407
2.9444389791664407
2.9444389791664407
2.9444389791664407
1.845826690498331
2.538973871058276
2.2512917986064953
2.538973871058276
2.9444389791664407
2.9444389791664407
1.8718021769015913
1.466337068793427
1.6916760106710724
2.538973871058276
2.538973871058276
2.9444389791664407
2.538973871058276
2.0281482472922856
2.0281482472922856
2.538973871058276
2.9444389791664407
3.258096538021482
1.845826690498331
2.2512917986064953
2.538973871058276
2.2512917986064953
2.9444389791664407
1.6486586255873816
2.2512917986064953
2.0281482472922856
1.3350010667323402
1.845826690498331
2.9444389791664407
2.9444389791664407
2.9444389791664407
2.9444389791664407
2.538973871058276
2.538973871058276
2.0281482472922856
2.9444389791664407
2.5649493574615367
2.9444389791664407
2.0281482472922856
2.2512917986064953
1.6916760106710724
2.9444389791664407
2.538973871058276
3.6375861597263857
2.9444389791664407
2.2512917986064953
2.0281482472922856
1.845826690498331
1.55814461804655
2.538973871058276
1.55814461804655
2.538973871058276
2.538973871058276
2.538973871058276
1.845826690498331
1.845826690498331
2.2512917986064953
2.0281482472922856
2.159484249353372
1.55814461804655
1.845826690498331
2.538973871058276
1.6916760106710724
2.9444389791664407
2.538973871058276
2.0281482472922856
1.2396908869280152
2.538973871058276
2.538973871058276
2.2512917986064953
2.2512917986064953
2.2512917986064953
2.538973871058276
2.538973871058276
1.4403615823901665
1.845826690498331
2.2512917986064953
2.0281482472922856
2.538973871058276
2.538973871058276
2.538973871058276
3.6375861597263857
2.9444389791664407
2.2512917986064953
3.6375861597263857
1.3350010667323402
2.538973871058276
2.2512917986064953
2.9444389791664407
2.9444389791664407
1.8718021769015913
2.2512917986064953
1.6486586255873816
1.845826690498331
2.538973871058276
2.0281482472922856
3.6375861597263857
1.845826690498331
2.538973871058276
2.538973871058276
2.0281482472922856
1.845826690498331
1.845826690498331
2.538973871058276
2.538973871058276
1.845826690498331
2.0281482472922856
2.2512917986064953
2.2512917986064953
2.538973871058276
2.2512917986064953
2.538973871058276
1.6916760106710724
2.538973871058276
2.0281482472922856
2.538973871058276
3.6375861597263857
2.538973871058276
1.4403615823901665
1.2396908869280152
1.55814461804655
2.0281482472922856
2.538973871058276
1.6916760106710724
1.55814461804655
1.466337068793427
2.538973871058276
2.9444389791664407
1.6916760106710724
1.55814461804655
2.9444389791664407
2.538973871058276
2.0281482472922856
2.2512917986064953
1.4403615823901665
1.1526795099383855
2.0281482472922856
2.538973871058276
1.55814461804655
2.538973871058276
2.538973871058276
1.6916760106710724
2.538973871058276
2.538973871058276
2.2512917986064953
2.9444389791664407
2.538973871058276
1.6916760106710724
1.6916760106710724
2.538973871058276
2.9444389791664407
1.3350010667323402
2.0281482472922856
2.9444389791664407
2.538973871058276
1.845826690498331
2.2512917986064953
2.2512917986064953
2.2512917986064953
2.2512917986064953
1.845826690498331
1.6916760106710724
2.0281482472922856
2.9444389791664407
1.845826690498331
1.4403615823901665
3.6375861597263857
2.0281482472922856
2.538973871058276
2.2512917986064953
2.2512917986064953
2.538973871058276
1.55814461804655
1.845826690498331
1.6916760106710724
2.9444389791664407
2.9444389791664407
2.0281482472922856
2.0281482472922856
2.538973871058276
1.6916760106710724
2.538973871058276
2.0281482472922856
1.6916760106710724
2.538973871058276
1.4403615823901665
1.6916760106710724
2.538973871058276
3.6375861597263857
2.0281482472922856
3.6375861597263857
2.538973871058276
2.2512917986064953
2.0281482472922856
1.845826690498331
2.538973871058276
2.538973871058276
1.6916760106710724
1.845826690498331
2.0281482472922856
1.6916760106710724
1.55814461804655
1.4403615823901665
2.0281482472922856
3.258096538021482
2.0281482472922856
2.538973871058276
2.538973871058276
2.2512917986064953
2.0281482472922856
2.2512917986064953
1.6916760106710724
2.538973871058276
2.0281482472922856
1.845826690498331
1.6916760106710724
2.538973871058276
2.9444389791664407
2.538973871058276
1.6916760106710724
1.3350010667323402
2.538973871058276
2.0281482472922856
2.0281482472922856
1.55814461804655
2.9444389791664407
2.2512917986064953
2.538973871058276
1.6916760106710724
2.538973871058276
2.9444389791664407
2.0281482472922856
1.3350010667323402
1.6916760106710724
1.6916760106710724
2.2512917986064953
2.538973871058276
1.55814461804655
1.3350010667323402
3.258096538021482
2.538973871058276
2.538973871058276
2.2512917986064953
2.538973871058276
2.9444389791664407
2.0281482472922856
1.55814461804655
2.2512917986064953
2.9444389791664407
2.2512917986064953
2.2512917986064953
2.538973871058276
2.2512917986064953
2.0281482472922856
2.538973871058276
2.538973871058276
2.2512917986064953
1.3350010667323402
2.9444389791664407
2.0281482472922856
2.2512917986064953
2.2512917986064953
2.2512917986064953
2.538973871058276
1.845826690498331
2.2512917986064953
2.0281482472922856
2.0281482472922856
2.9444389791664407
1.845826690498331
2.538973871058276
2.538973871058276
2.9444389791664407
3.6375861597263857
1.3350010667323402
2.9444389791664407
2.538973871058276
2.2512917986064953
2.2512917986064953
2.538973871058276
1.55814461804655
2.538973871058276
1.6916760106710724
2.0281482472922856
1.6916760106710724
2.538973871058276
2.2512917986064953
3.6375861597263857
3.6375861597263857
2.9444389791664407
1.845826690498331
2.538973871058276
2.0281482472922856
2.0281482472922856
1.845826690498331
1.845826690498331
1.2396908869280152
1.3350010667323402
2.2512917986064953
2.538973871058276
2.2512917986064953
2.538973871058276
1.845826690498331
2.9444389791664407
2.0281482472922856
2.2512917986064953
2.0281482472922856
1.6916760106710724
1.6916760106710724
2.2512917986064953
2.9444389791664407
2.538973871058276
1.845826690498331
2.538973871058276
2.2512917986064953
2.2512917986064953
2.0281482472922856
2.0281482472922856
2.538973871058276
2.538973871058276
2.0281482472922856
2.2512917986064953
1.55814461804655
2.2512917986064953
1.845826690498331
3.6375861597263857
1.6916760106710724
1.55814461804655
1.845826690498331
2.538973871058276
2.0281482472922856
2.538973871058276
2.538973871058276
1.3350010667323402
2.9444389791664407
2.0281482472922856
1.6916760106710724
2.2512917986064953
2.9444389791664407
2.0281482472922856
1.4403615823901665
2.2512917986064953
2.9444389791664407
1.3350010667323402
2.9444389791664407
2.2512917986064953
2.0281482472922856
2.2512917986064953
2.2512917986064953
2.2512917986064953
1.3350010667323402
1.1526795099383855
2.2512917986064953
2.0281482472922856
2.0281482472922856
2.9444389791664407
2.9444389791664407
2.2512917986064953
1.4403615823901665
2.0281482472922856
2.2512917986064953
2.0281482472922856
2.2512917986064953
2.538973871058276
2.2512917986064953
2.538973871058276
1.6916760106710724
2.2512917986064953
1.55814461804655
2.2512917986064953
2.538973871058276
2.9444389791664407
2.0281482472922856
2.538973871058276
2.9444389791664407
2.2512917986064953
1.3350010667323402
2.2512917986064953
1.6916760106710724
2.9444389791664407
2.0281482472922856
2.5649493574615367
2.2512917986064953
1.072636802264849
1.845826690498331
1.4403615823901665
2.538973871058276
1.55814461804655
2.2512917986064953
0.9295359586241757
2.538973871058276
0.9985288301111273
2.0281482472922856
2.2512917986064953
1.4403615823901665
2.2512917986064953
2.9444389791664407
1.6916760106710724
1.4403615823901665
2.538973871058276
2.2512917986064953
3.6375861597263857
1.845826690498331
2.0281482472922856
2.538973871058276
2.2512917986064953
2.9444389791664407
2.0281482472922856
1.3121863889661687
1.845826690498331
2.2512917986064953
2.2512917986064953
1.55814461804655
3.6375861597263857
2.0281482472922856
2.0281482472922856
2.5649493574615367
2.538973871058276
2.9444389791664407
2.538973871058276
2.2512917986064953
2.2512917986064953
1.8718021769015913
2.538973871058276
2.2512917986064953
1.6916760106710724
2.9444389791664407
2.538973871058276
2.0281482472922856
1.6916760106710724
2.0281482472922856
2.2512917986064953
1.55814461804655
2.0281482472922856
1.845826690498331
1.072636802264849
1.6916760106710724
1.4403615823901665
3.6375861597263857
1.2396908869280152
2.9444389791664407
2.538973871058276
2.9444389791664407
2.2512917986064953
1.4403615823901665
2.0281482472922856
1.55814461804655
3.6375861597263857
1.55814461804655
1.845826690498331
2.2512917986064953
2.9444389791664407
1.845826690498331
2.0281482472922856
1.845826690498331
1.4403615823901665
1.55814461804655
2.0281482472922856
1.6916760106710724
1.2396908869280152
1.3350010667323402
1.4403615823901665
1.3350010667323402
1.3350010667323402
1.4403615823901665
1.072636802264849
1.55814461804655
0.8043728156701697
1.3350010667323402
1.4403615823901665
1.6916760106710724
1.8718021769015913
1.1526795099383855
1.2396908869280152
0.9295359586241757
1.3350010667323402
1.55814461804655
1.2396908869280152
0.9295359586241757
1.2396908869280152
1.466337068793427
1.1526795099383855
2.2512917986064953
1.2396908869280152
1.55814461804655
1.6916760106710724
1.3350010667323402
0.9985288301111273
1.55814461804655
1.4403615823901665
1.072636802264849
1.072636802264849
1.2396908869280152
1.3350010667323402
1.845826690498331
1.1526795099383855
1.4403615823901665
1.4403615823901665
1.2396908869280152
1.2396908869280152
1.6486586255873816
1.4403615823901665
1.1526795099383855
1.3350010667323402
2.0281482472922856
1.4403615823901665
1.4403615823901665
1.3350010667323402
1.55814461804655
1.6916760106710724
1.3350010667323402
1.55814461804655
1.072636802264849
1.4403615823901665
2.0281482472922856
2.538973871058276
1.3350010667323402
1.6916760106710724
1.6916760106710724
1.1526795099383855
1.4403615823901665
1.55814461804655
1.845826690498331
2.5649493574615367
2.5649493574615367
3.258096538021482
2.5649493574615367
3.258096538021482
3.258096538021482
2.159484249353372
2.5649493574615367
2.5649493574615367
2.5649493574615367
2.5649493574615367
3.258096538021482
2.159484249353372
2.159484249353372
2.5649493574615367
2.159484249353372
2.5649493574615367
2.159484249353372
1.8718021769015913
3.258096538021482
3.258096538021482
2.5649493574615367
2.5649493574615367
2.159484249353372
1.466337068793427
2.5649493574615367
2.5649493574615367
1.466337068793427
3.258096538021482
2.159484249353372
2.159484249353372
1.466337068793427
1.8718021769015913
2.159484249353372
1.6486586255873816
2.5649493574615367
2.159484249353372
2.5649493574615367
2.5649493574615367
2.5649493574615367
2.5649493574615367
2.159484249353372
3.258096538021482
2.159484249353372
2.5649493574615367
2.5649493574615367
2.159484249353372
2.159484249353372
3.258096538021482
3.258096538021482
2.159484249353372
2.159484249353372
1.6486586255873816
2.159484249353372
1.8718021769015913
2.159484249353372
3.258096538021482
2.159484249353372
1.8718021769015913
2.159484249353372
2.159484249353372
1.8718021769015913
3.258096538021482
2.159484249353372
2.159484249353372
2.159484249353372
3.258096538021482
2.159484249353372
1.6486586255873816
1.6486586255873816
1.8718021769015913
1.8718021769015913
2.159484249353372
2.159484249353372
1.8718021769015913
2.159484249353372
2.159484249353372
2.5649493574615367
1.8718021769015913
2.159484249353372
2.159484249353372
1.8718021769015913
1.8718021769015913
2.5649493574615367
3.6375861597263857
2.159484249353372
2.159484249353372
2.159484249353372
2.159484249353372
2.5649493574615367
2.159484249353372
1.6486586255873816
2.159484249353372
2.5649493574615367
1.8718021769015913
2.159484249353372
1.6486586255873816
2.5649493574615367
1.8718021769015913
1.466337068793427
2.159484249353372
1.6486586255873816
1.8718021769015913
1.6486586255873816
2.159484249353372
2.159484249353372
2.159484249353372
2.159484249353372
3.258096538021482
2.159484249353372
2.159484249353372
1.8718021769015913
2.5649493574615367
2.159484249353372
1.3121863889661687
1.466337068793427
1.8718021769015913
2.159484249353372
2.5649493574615367
2.159484249353372
1.1786549963416462
1.8718021769015913
2.159484249353372
2.5649493574615367
1.8718021769015913
2.5649493574615367
2.159484249353372
1.8718021769015913
2.5649493574615367
1.6486586255873816
2.5649493574615367
2.159484249353372
2.5649493574615367
1.8718021769015913
1.8718021769015913
2.5649493574615367
1.8718021769015913
2.159484249353372
2.159484249353372
2.159484249353372
1.466337068793427
2.159484249353372
1.466337068793427
2.159484249353372
1.3121863889661687
1.6486586255873816
1.8718021769015913
2.159484249353372
2.5649493574615367
1.466337068793427
2.159484249353372
1.6486586255873816
1.466337068793427
2.159484249353372
1.8718021769015913
2.159484249353372
2.5649493574615367
3.258096538021482
1.6486586255873816
1.8718021769015913
2.159484249353372
1.8718021769015913
2.5649493574615367
2.5649493574615367
1.3121863889661687
1.8718021769015913
1.8718021769015913
1.8718021769015913
2.5649493574615367
1.3121863889661687
1.6486586255873816
1.8718021769015913
2.159484249353372
1.8718021769015913
2.159484249353372
2.159484249353372
2.159484249353372
2.159484249353372
2.159484249353372
1.8718021769015913
2.159484249353372
2.159484249353372
2.5649493574615367
2.159484249353372
2.5649493574615367
2.5649493574615367
2.159484249353372
2.159484249353372
2.159484249353372
2.5649493574615367
2.159484249353372
2.159484249353372
1.8718021769015913
2.159484249353372
2.159484249353372
2.5649493574615367
1.8718021769015913
2.159484249353372
2.159484249353372
2.159484249353372
1.8718021769015913
2.159484249353372
2.159484249353372
1.6486586255873816
1.8718021769015913
2.159484249353372
2.159484249353372
1.8718021769015913
1.8718021769015913
1.8718021769015913
1.6486586255873816
1.6486586255873816
2.159484249353372
2.159484249353372
1.0608719606852628
1.8718021769015913
2.159484249353372
2.159484249353372
1.6486586255873816
1.8718021769015913
2.159484249353372
1.8718021769015913
