0
0
0
0
0
0
0
0
0
0
0
0
0
0
0
0
0
0
0
0
0
0
0.37708333146040307
0
0
0
0
0.07918932967846784
0
0
0
0
0
0.2620350287927446
0
0
0
0
0
0
0
0
0
0
0
0
0
0
0
0
0
0
0
0
0
0
0
0
0
1.0
0
0
0
0
0
0
0
0
0
0
0
0
0
0
0.23897144579998825
0
0
0
0
0
0
0
0
0
0
0
0
0
0
0
0
0
0
0
0
0
0
0
0
0
0
0
0
0
0
0
0
0
0
0
0
0.8829833092145123
0.8917809763493095
0.9169644579690482
0.7690469495627761
0.8500796201413119
0.2516498099457809
0.532385699385152
0.8036505264941395
0.8707244294999342
0.8662267857986561
1.0
1.0
0.8843373723117018
0.894243657275107
0.7870841372982784
0.5231347826573705
0.9391827681011647
1.0
1.0
0.8162982905965802
0
0.544198562871562
0.8768009843733973
1.0
0.7982838115538073
0.509440851277959
0.2451471541522645
0.7148445735427177
0.3972563978939668
0.8947380348132389
0.7036228558361207
0.8155814267286345
1.0
0.7706672951329804
0.41336851034437894
1.0
0.7429185751645452
0.7351819175563103
0.45677922132265925
0.4945179422564529
0.3209231072576598
0.26697943066791363
0.8825614409442804
0.9861696876510524
0.8855407403836392
0.279134842540965
1.0
1.0
0.6734162723691167
0.8554813164495568
0.9304621034300863
0.9831247739818048
1.0
0.5265979421194321
0.73381522283032
0.2230042334718738
0.8759853782585342
0.8870531000279901
1.0
0.89774986926403
0.6023869087654414
0.5969622851743854
0.7217063682330366
0.8665839501632069
0.5774685179530465
0.35673018034687753
0.7611772250299125
0.8281188578678405
0.5028778135341269
0.3586728940435377
0.2752892065726795
0.2915949391808809
0.4675505131130134
0.6077388260629665
0.7815073389002635
1.0
0.3067164193961662
1.0
0.7673257166594404
0.2903582480868586
0.7302889626222927
0.515433758503806
0.8053911514746346
1.0
0.9178970842192811
0.8829819034487308
0.7300943292822364
0.8214754883480777
0.6450364351628709
0.44765260227840414
0.4235084808774421
0.8063414756555687
0.9142080076467916
0.7379044867305371
1.0
0.8057882476619532
0.47200781003399395
0.8125286922247921
0.6736634837253056
0.47431669335100196
0.47170490103062374
0.8928983335941891
0.324506060489049
0.6178512271634894
0.12462035567099315
0.933882370375102
0.38520686315190966
0.21974373194373883
0.4636392799297169
0.9468306764565051
0.6053545320582244
0.37550381596898913
0.37181614270942687
0.272253109158406
0
0.5136468433055288
0.9315568349925681
0.6667606962267715
0.8352257380744339
1.0
1.0
0.5517379274111288
0.8441050681801162
1.0
0.4573681096189323
0.5505818716979248
0.2903582480868586
0.6627684143090189
0.5278222653574526
0.9642654834193237
0.8500687547585863
0.6487297259131425
1.0
0.6728373236283194
0.9080146300804091
0.37525311341616974
0.6755324534190106
0.9733199077797113
0.9070720406882129
0.9757076531244933
0.8218701007675813
0.9429392523402129
0.8010045553262288
0.37617135156755177
0.8973484916347781
0.9221152221312873
0.4701584830540812
0.8733153763138479
0.882759760027501
0.6021482047802889
0.18288194588309156
0.6371298122643948
0.8081105144447355
0.736900798696539
0.9348067644844084
0.8322811810389557
0.23351243100102326
0.6972805458320908
0.7069389463789221
0.975905307442268
1.0
0.4626651868838213
0.4009420247413949
0.6370293518047043
0.6549409185113183
0.7882703098231243
0.49109395081384716
0.8257836324730526
0.2876239955627779
0.297077992601957
0.4951058781636649
0.6228548918008576
0.8671295465137072
0.9268018406554609
0.9632173804623256
0.684558094713945
0.8626909309602872
0.639086114706025
0.7937900308921404
0.8967885698953724
0.8638665701515035
0.45964177889969765
0.6900961193866343
0.4991790676884957
0.7278467701284347
0.9339877949022757
1.0
0.9401649278323321
0.4976446015718698
0.7283420868660219
0.659789269855249
0.2107132985780033
0.646546951795437
0.3510336595992645
0.8621163643757013
0.9391440203027016
0.6110675392081953
0.6129103897719584
0.4324811318012673
0.404966950417529
0.4643988086246565
0.8355844415076166
0.21229665185531843
0.49773802059988637
0.7222175641029004
0.30348153074514855
0.9606652268556035
0.8800252943406321
0.6501851475412098
0.29116192944419245
0.6650484786891278
0.6777685904689337
0.7038024506430114
0.682845997338178
0.34488101705712354
0.4712468020266513
0.8931536116591896
0.3199082405658418
0.49941523559250117
0.32863735929940535
0.15235260238158763
0.5241240482715934
0.5658460084469892
0.3923622578569056
1.0
0.8502399393663599
0.8549280653066362
1.0
0.2046526214483791
0.788150820826125
0.6537303872361886
0.877620602260593
0.823268570283609
0.7074731961354134
0.30233819706973336
0.2753302604488503
0.6832793037389926
0.8625254762644093
0.7944602049177565
1.0
0.3857417669858952
0.8824359594965417
0.8621586791104291
0.4091978545282347
0.26974934098411596
0.2911214628417499
0.7650760972316407
0.5880033294544175
0.6595595736515227
0.4989302768215185
0.579876164810955
0.8013716180689354
0.7022777496244633
0.7500932713519606
0.7662072925301481
0.31069787960493594
0.7824334546811428
0.5654671135704054
0.771632364568144
1.0
0.8871266140513315
0.0998725015512526
0.08666448493513323
0.43825645897124976
0.525117509442106
0.8399441246840501
0.37733507357908214
0.2983080541871853
0.3961865209355907
0.42860031354851924
0.8947380348132389
0.7036526610448273
0.4408616092391297
0.6776323480256415
0.8293488147568682
0.5157655359918256
0.6018123236166705
0.43874852990753266
0.3332143433649852
0.5379854915006117
0.7073697764149783
0.5705003558948769
0.9092614973602694
0.8162329673880218
0.6565970218950518
0.8859770861535882
0.6795363346984571
0.7120377368806212
0.8212891158278476
0.8542874959074197
0.0811955346084793
0.21452216873247748
0.6992281259848923
0.9634582225603895
0.3365348071027107
0.6737314034249979
0.8679843774474836
0.816207003816516
0.45324148479195514
0.7240073669639807
0.841529645318436
0.8886873969015139
0.6622514113441068
0.7107791647512672
0.46391024764571254
0.8806802484998905
0.8474590505736942
0.21375675981567593
0.26683244207273477
1.0
0.5935461815459174
0.36817296580025327
0.6440764399559031
0.49508436305995135
0.6629732459133291
0.3999104792818401
0.4543876641220205
0.30513728661164247
0.8734296675691621
0.9306400143987679
0.5912470300321903
0.3967963507222343
0.7970030096495265
0.3092654769632646
0.4703422381176875
0.4164753591341929
0.25772093967054355
0.5746797149466353
0.44647095233901285
0.2500876389508909
0.39974458781913236
1.0
0.48094004345409574
1.0
0.48444707165398415
0.31112707622958147
0.27648670727074
0.33831462675902896
0.8013250939146583
0.6583481206832856
0.31543312941264806
0.3334448296150246
0.6435898948170775
0.29909350333642587
0.07700641003685048
0.43218578609087216
0.6190901037619406
1.0
0.5118302093777205
0.9270318452830878
0.47876905218081495
0.5325338968872404
0.6390143976055491
0.7808882364067532
0.23542125339002748
0.7977718498209475
0.5311731047797941
0.7935539854967153
0.4751209979679492
0.7200544323686969
0.8719151250172824
0.9279263705109708
0.5170551511016848
0.4401205214703764
0.6996049749476826
0.33660114946776254
0.4040977276290729
0.27347347842580705
0.9880566379894075
0.6986779310427057
0.7086174575609513
0.22742072316159886
0.26918340263855145
0.8857499165903366
0.7700800500706251
0.276074846953863
0.2628058182180559
0.2991069503328565
0.6772923274132265
0.8625190147167237
0.3169007774855113
0.45148424473459164
1.0
0.8665839501632069
0.7218077573659311
0.6785510298495467
0.6881709696711735
0.8750661805915879
0.7638905425265059
0.3029524684769055
0.5146298411784294
0.9614274887019415
0.500576629679554
0.42704427414411206
0.9497838408461311
0.6522458794503355
0.5167847348130402
0.9007727172404578
0.8197790788667496
0.7293782778718253
0.09706514279819262
0.7215386964570835
0.45172575315447333
0.5818436309523055
0.6495493821191526
0.6685534525811281
0.5699598231147605
0.23832023885452444
0.7816952127271114
0.617066379485743
0.3758389609787511
0.6885151073833523
0.7062598335654707
0.9003380595105505
0.6492768287473586
0.8957555475858578
1.0
0.06350385719941608
0.8529726425858544
0.6826707172618358
0.7115777308041608
0.5364706069082211
0.6116532976580027
0.3597619671770135
0.695274927695945
0.4523826567832138
0.8079348772418814
0.4763907712178086
0.8344885600128367
0.7316423583130617
1.0
1.0
0.8612875432475112
0.5277644470097789
0.7992896211758761
0.4444622740124596
0.6595595736515227
0.2809939840868167
0.45635916878114235
0.06578744726208431
0.3020931760124356
0.7222377519453975
0.7108487445731794
0.6284117566000215
0.6437366811064567
0.44211076032173807
0.892359427426898
0.37526668740213703
0.7542689248737828
0.7926287060445031
0.442330490968506
0.3456107901028544
0.8204810057658302
0.8477249049653319
0.6596326213003322
0.3579505730637732
0.5819224232412151
0.5253511556140128
0.6305723504593779
0.3105636909090569
0.38307526706386147
0.6559336091173119
0.6417529664557624
0.5401622057036051
0.46668720173327183
0.4653717503497808
0.6871844301614939
0.5055948156190155
1.0
0.43896933068137584
0.34946392324966613
0.6314583811510112
0.48321629514314474
0.5831133853672625
0.769843756495869
0.46750610248070695
0.34110472538202397
0.845625915277739
0.4630947820828123
0.48822813029921386
0.8362335765028543
0.9711609664464002
0.7678879717828667
0.2677270386150229
0.8789948924571146
0.6687703158496198
0.31497472234241625
0.9681921438426342
0.436010854174063
0.4219423981487012
0.6845538628712888
0.49401999656017936
0.389569246097518
0.3317371852448428
0
0.5510322608984108
0.30356995663763287
0.26531989690331365
0.7144890775969561
0.9337721657805482
0.3020955482714287
0.4576197622496883
0.27621005101551094
0.6632083636129644
0.5291530248895674
0.5572359118807345
0.2944620164850135
0.5122247683390289
0.7708298465964908
0.3803976037446114
0.6772923274132265
0.2260398683359752
0.5756051720865492
0.7154185215849249
0.8044384662355333
0.5857485549032418
0.9003380595105505
0.9345206025300642
0.7559767288934779
0.22330776072177175
0.663896019738474
0.3526870523620883
0.8228786421650333
0.2785602611725694
0.8771456714229972
0.6950843060716444
0.31462421402899576
0.6139055065440219
0.24531734767365526
0.9770964154188794
0.2762736071141931
0.7544953635081675
0.08051643341279137
0.6429191211166964
0.07769679823918856
0.4633994427206707
0.5827985783384446
0.722885618311043
0.6495301555120664
0.945053609658652
0.43874852990753266
0.523830719642063
0.5853355178538027
0.6542121765707198
1.0
0.40789548310367113
0.6844504941902934
0.7833591639823974
0.45288905928149037
0.9255192368761308
0.4536753841262676
0.05816127192094355
0.3490676148122313
0.7994062720268059
0.6294780151017665
0.29732694231223306
1.0
0.5682454226748161
0.7305941751010796
0.8363907236812048
0.7697031241942464
0.6387789224555592
0.7018047794079335
0.8932686569410012
0.7723326971545837
0.5040707318685618
0.520573736569888
0.8112685781886328
0.4791020598517171
0.8551463445134517
0.8433001447971061
0.6527892631549037
0.44101930470626094
0.6422379318836346
0.6174019975158175
0.6466145695634766
0.5995731908226491
0.5186438467687985
0.2547124262457087
0.7251531674007791
0.4158303884705504
1.0
0.33170760490444645
0.8278514154982498
0.933882370375102
0.9297046361184679
0.6690679413914301
0.28360577233668083
0.23374035494008066
0.25394512374891637
1.0
0.2990033810961066
0.5776189409837393
0.5593712153326066
0.9350186528311771
0.28219095856416904
0.6859068782358394
0.7134031144298686
0.3699430136550442
0.43971744386327916
0.5745873523397391
0.24414326087918725
0.2822915713856643
0.15225013159688885
0.08304456283886498
0.17981216817191326
0.08904852028931574
0.06634573311779184
0.05627777596485651
0.23472407367806758
0
0
0.06442781028400775
0.34934753053794665
0.7661783879806803
0.05773913065926139
0.08126458885651636
0.05627431557060218
0.07444009444452868
0.4245622655197114
0.06479156537633395
0
0.07200768331695906
0.06887713624568302
0
0.4232306303186435
0.2236489237451768
0.2604291543180274
0.3333105582502237
0.3065366708457859
0
0.2568507380840849
0.08777392751241023
0.05334919278771689
0.21456021012953125
0.15200741428405437
0.18717767006693353
0.31600257054340364
0.16161123160721202
0.08296582109013897
0.3118780187439577
0.17180141955688588
0.07988783393609379
0.22173315503871924
0.07993732065609589
0.17245635667833134
0.09187936162497103
0.41929938906601916
0.23933381017810731
0.31094764448737905
0.20156616336995048
0.4698909297226821
0.24857477863954663
0.08053733291043359
0.13080196179409556
0.07779088365383147
0.1393478342723048
0.3882617174173984
0.6762930803606285
0
0.08136906451771828
0.29091668640753354
0.08124431964903518
0.24363426130034022
0.2979148666425971
0.580916024129352
0.9758046572397582
0.9089645072627272
1.0
0.4169819713508951
1.0
1.0
0.6315346506198919
0.9525317444835317
0.7968872113302142
0.9830847680265872
0.8597752422449034
1.0
0.7040633200360261
0.44235713056638337
0.9729068143817994
0
0.7989020301069273
0.6826028832226658
0
1.0
1.0
0.9649282912964451
0.4799204128517733
0.6497623170140253
0
0.9228504593686292
0.8484655974600923
0.2854308151277446
1.0
0.3604198487874738
0.3186069490488406
0.3059093365666401
0
0
0
0.6217335677589242
0.7474296262874085
0.9228504593686292
0.9080119342230188
0.9526547339797757
0.9461003577307286
0.06027578786105478
1.0
0
0.7752902687567176
0.9682213230032285
0.46624651553700597
0.8633510170507335
1.0
1.0
0
0.6572978624316299
0.6408228007938688
0
0
0.5075131478030792
1.0
0
0
0
0.6311756919745057
0.6258123450697674
1.0
0
0
0.3287247417975143
1.0
0
0
0.29271140492944026
0.6230779126992227
0.33629659765904674
0.45584435840894283
0
0
0.9305279014313441
0.35802923433186906
0.7502571344253609
0
0.41218443682949785
0.5549669381014326
0
0
0.9455119544752791
1.0
0.8297052999093735
0
0.6232619970986122
0.8969731207783015
0.9495728949132661
0.46170559851552456
0
0.5512231921389887
0.9152815756152959
0
0
0.4597523278391725
0.9606594618919955
0
0
0
0
0
0
0.38719678471725805
0
0.29345780581575387
0
1.0
0.6840897828416168
0.6630975561103266
0.4870307580646386
0.6927161999122334
0.556910064194198
0
0.41856474274521877
0.6614704457462984
0.5628480507845427
0.8463421115368595
0.7779972609586235
0.4306519380903917
0
0.9305279014313441
0.8927734407547381
0.3765123245028846
0.9495728949132661
0.812967252686885
0.3954131565540596
0.7521513250581938
0
0.9390588296004831
0.4703613606929428
0.9699086512382282
0
0
0.9828637340503944
0
0
0.44847794264525886
0.5016380726644878
0
0.3501146106817179
0
0.513174517307016
0
0
0
0
0.9585699284631254
0.44733358420590963
0.24212277933703844
0
0
0.7885998461083963
0
0.6230779126992227
0.9928937432822966
1.0
0.4034944792623463
0
0
0.6646383224467096
0.7907871203851443
0.8236810049951173
0.3367351998540231
0
0
0.4140204339294877
0.6426988418667411
0
0
0
0.7941009518945648
0
0
0.8134658007673891
0.6457673383108361
0
0.4354553909022102
0.5029231798437895
0.5023546467340222
0.6836385001223649
0.9428576905421455
0.8065035670833938
0.8307561491877795
0.7602678218025241
0
0
0.3533782842795893
0.9082285656640554
0.7705124926454484
0.8054756349736104
0.06318868173474079
0.8963960023043713
0.36890450285541443
0.8305035004188683
0.43222113927068423
0.3512688979438865
0.648622105823268
0.5312958318369169
0.6656687376896371
0.39139053991192635
0
0.3296376419464767
0
0.5460680714336751
0.8222990082172474
0
0.47912623932393056
0
0
0
0
0.2811483430493516
0
0.308793838102841
0
0
0
0
0.44960871730735513
0
