0
0
0
0
0
0
0
0
0
0
0
0
0
0
0
0
0
0
0
0
0
0
3.9675983748747146
0
0
0
0
0.8017591149538994
0
0
0
0
0
2.644520854456544
0
0
0
0
0
0
0
0
0
0
0
0
0
0
0
0
0
0
0
0
0
0
0
0
0
6.684461403217372
0
0
0
0
0
0
0
0
0
0
0
0
0
0
2.333545243735693
0
0
0
0
0
0
0
0
0
0
0
0
0
0
0
0
0
0
0
0
0
0
0
0
0
0
0
0
0
0
0
0
0
0
0
0
7.852215694682829
7.349205768968923
10.422548645227838
5.886371330726698
7.099154764734789
2.305848731451232
5.710492791428491
7.739366510703642
8.254999836037735
7.141769346860071
7.685678005590136
7.690233822125997
8.05378164535249
8.87088853346055
4.910252402015155
4.946011690719864
6.546971259720148
8.889650809916072
7.816615363037612
7.677754930752808
0
4.4698522821009625
7.911666509036577
7.269662686586819
7.896118492648092
4.262897052260806
2.305848731451232
8.087173729410802
2.333545243735693
8.593482123586972
5.646230203043917
7.904569247165815
11.243701979742386
7.764868803514577
3.979366155201983
9.645318347457351
6.715415750804551
6.865697953853889
4.946011690719864
4.910252402015155
3.2576790258866897
2.333545243735693
8.924336367903962
6.761689703446076
8.41822773401611
2.8552936861506053
9.598065462606806
7.7121619944646085
6.38877388176358
8.50202056944394
8.31074181904597
9.167282546514352
6.651604238059598
5.413903634525803
7.7227192772704845
2.3322377550841122
6.459899234399845
7.585215830876383
9.167282546514352
10.322465186670856
4.4698522821009625
6.0283161048744525
5.8554629760034125
8.031053394274934
5.884681030765606
3.2576790258866897
8.885870087076166
8.669542162297017
5.205612601196791
3.2576790258866897
2.333545243735693
2.333545243735693
4.402249455139793
6.763495573011339
7.585215830876383
8.47914790777795
3.2576790258866897
8.579495881612232
8.372030143017252
2.305848731451232
6.725370388299207
5.164770430291106
8.063682716335203
7.690233822125997
6.53791486744661
7.904569247165815
5.838476662273955
7.585215830876383
6.125143900146204
3.979366155201983
4.402249455139793
6.4835250379811855
9.42217479614314
7.585215830876383
7.276432174642065
8.233151896511865
4.402249455139793
8.143034673135103
6.879811091330354
4.053489160315469
4.52385364840917
9.250664155453402
3.33670590680296
6.130648281639934
1.2900256809649917
6.838055522573884
3.979366155201983
2.305848731451232
4.8358257837506455
7.51862392092697
5.175616913434008
2.333545243735693
3.979366155201983
2.305848731451232
0
5.142109443153549
9.167282546514352
5.442191710437843
8.434914652801124
9.692158045727188
7.806305993378751
5.279449779887423
7.869819399101076
8.413510744137971
4.402249455139793
3.906641086947316
2.305848731451232
7.106769014720034
4.4698522821009625
7.59970883817895
7.585215830876383
6.060679964128936
9.094961884934726
7.548884892708779
8.233151896511865
3.0115861627720086
5.738632138070895
9.049499510857968
10.658937423292068
8.848828815395818
7.591401417609093
9.840627099778116
5.2667250191954835
3.29228159340886
8.343107103548002
10.388062469156669
5.442191710437843
8.434914652801124
9.403004880035422
5.163697276906054
1.5318337432196856
5.65350080410505
5.738632138070895
7.326732913116865
9.162295005003312
8.434914652801124
2.305848731451232
7.54394172891126
6.428056727943692
7.143089479064994
7.230703056974239
5.052563625041101
4.402249455139793
6.5608959991886415
6.61658685500373
7.74176747224118
5.20380625949729
6.692847196593647
2.333545243735693
3.33670590680296
4.861259911087319
3.036577932314865
10.01125261680888
8.24500974296265
9.415743905812851
7.412878863830065
9.123265661097577
6.616276095021827
7.326732913116865
10.266786626051797
8.233151896511865
5.142109443153549
6.100858844837828
4.384845222479577
4.234788990302387
7.426816371673847
8.321414278936743
8.528063707979962
4.402249455139793
5.921764790699729
6.204848558361875
2.333545243735693
7.4454092047504625
3.2576790258866897
7.808873388883996
11.632386569006172
2.2241504712318556
6.0283161048744525
3.979366155201983
4.402249455139793
4.076481475394825
7.278138207386211
2.2241504712318556
3.906641086947316
6.060679964128936
2.333545243735693
10.99986401026266
7.585215830876383
5.988395729862514
3.33670590680296
5.4080611313441675
7.490185985606436
6.725370388299207
6.330546004450818
2.333545243735693
4.402249455139793
7.4391731043627525
3.29228159340886
4.517904105861939
2.333545243735693
1.2900256809649917
3.8478154212435802
5.585431665158938
3.800372388500703
9.666012765622867
6.257380529565554
8.005695458684853
10.202920036021073
2.305848731451232
8.43732139283169
4.692961638951252
6.825476740367025
7.426816371673847
6.902741510020935
2.333545243735693
2.7145308115667426
5.710492791428491
7.585215830876383
8.005695458684853
7.373857797967235
3.29228159340886
7.124764358939113
7.372195287193621
4.053489160315469
2.3322377550841122
2.333545243735693
6.715415750804551
5.585431665158938
5.710492791428491
5.710492791428491
4.517904105861939
7.994800409279787
8.50202056944394
7.808873388883996
6.452256731675716
2.644520854456544
6.530012527473189
4.752486250511043
6.5608959991886415
8.05214095589503
9.104307747352962
0.8017591149538994
0.8017591149538994
4.507766230786147
6.109279947234236
5.896004042853102
2.644520854456544
2.644520854456544
4.402249455139793
3.800372388500703
8.593482123586972
6.394069019505728
4.402249455139793
5.4080611313441675
6.505276283913548
5.585431665158938
5.884681030765606
4.402249455139793
3.33670590680296
4.517904105861939
4.96947927592402
6.53791486744661
10.096152060595367
8.716206927154134
7.508102542185437
6.616276095021827
5.07318801554746
8.5307057174428
7.426816371673847
7.076035959384753
0.8017591149538994
2.305848731451232
7.143089479064994
8.75186710755302
3.33670590680296
7.54394172891126
6.624500147640268
7.099154764734789
5.279449779887423
6.257380529565554
7.51862392092697
7.393178012525017
6.060679964128936
7.585215830876383
3.6968927834763368
8.206018448997465
7.186970970741705
2.333545243735693
2.3322377550841122
9.481993291354051
5.884681030765606
2.333545243735693
6.879811091330354
5.394521608419713
6.582907706773362
3.8478154212435802
4.96947927592402
3.139908049247135
7.143089479064994
8.956211576434411
4.96947927592402
3.906641086947316
7.141769346860071
2.333545243735693
4.402249455139793
4.402249455139793
2.305848731451232
4.861259911087319
3.7341065435196765
2.333545243735693
2.333545243735693
9.006014398918229
4.936224160976429
10.533774280338061
3.800372388500703
2.333545243735693
2.333545243735693
2.61964384137646
7.782238967296113
7.381373490964472
3.33670590680296
3.2576790258866897
6.879811091330354
2.305848731451232
0.8017591149538994
5.279449779887423
6.394381373092525
9.692158045727188
5.268142166917219
10.354726048889077
4.402249455139793
3.29228159340886
5.710492791428491
6.931906203213756
2.305848731451232
7.608085850516998
3.979366155201983
6.0283161048744525
4.402249455139793
6.865697953853889
6.825476740367025
9.468387639298273
5.413903634525803
3.33670590680296
4.0037831141163025
2.644520854456544
3.143520233107207
2.2984864148968094
7.990167196358298
5.6789904580012625
5.2667250191954835
2.2984864148968094
2.333545243735693
9.295115918024235
5.972904353246551
2.61964384137646
2.305848731451232
2.333545243735693
7.4507855617868435
8.856128117877429
3.33670590680296
5.118371289024084
9.3528516078701
8.031053394274934
6.549886713680272
6.13305097380975
6.452256731675716
8.093988065830532
8.885870087076166
3.139908049247135
5.07318801554746
7.379698448696777
2.61964384137646
4.234788990302387
10.99986401026266
5.966570692273821
3.8478154212435802
8.90491828204686
5.646230203043917
5.710492791428491
0.8017591149538994
5.37111942718074
3.906641086947316
4.96947927592402
6.961759166363437
6.060679964128936
6.653626483440365
2.333545243735693
7.54394172891126
6.4835250379811855
4.076481475394825
6.653626483440365
7.585215830876383
6.838055522573884
7.278698892650756
9.123265661097577
10.553576907634241
0.5962292078977726
9.560325134623959
4.946011690719864
7.823113111695132
4.402249455139793
6.060679964128936
4.076481475394825
7.490185985606436
4.402249455139793
6.546607424897142
4.402249455139793
8.41822773401611
6.019258462618102
8.464185035101238
7.734581812580305
8.170333911622741
4.96947927592402
6.729292816514103
3.335576037791572
5.710492791428491
2.921026921895754
4.402249455139793
0.5962292078977726
3.036577932314865
5.921764790699729
7.591401417609093
5.715075243944451
6.060679964128936
3.979366155201983
7.077890673981347
3.139908049247135
5.910533069218069
7.263683595530761
3.6110917534644185
2.333545243735693
5.717771304573645
8.21755703855396
5.4080611313441675
3.979366155201983
5.4080611313441675
4.0037831141163025
4.861259911087319
2.644520854456544
3.139908049247135
4.0037831141163025
5.07318801554746
5.07318801554746
5.07318801554746
5.588776149881785
7.61335734401051
4.384845222479577
11.098304083075915
5.07318801554746
3.29228159340886
6.685296825154015
4.234788990302387
5.999910564513266
6.459899234399845
3.800372388500703
2.61964384137646
7.114441686631695
2.61964384137646
4.234788990302387
7.958322200677376
6.825957625204375
5.840808711048132
2.61964384137646
7.035485774500588
3.7341065435196765
3.139908049247135
8.434914652801124
3.2576790258866897
3.8858570476365326
4.752486250511043
4.262897052260806
2.333545243735693
2.8552936861506053
0
5.710492791428491
2.333545243735693
2.5501948243687376
5.351990730045977
8.298083422174047
2.305848731451232
3.6110917534644185
2.333545243735693
4.96947927592402
4.96947927592402
4.262897052260806
2.333545243735693
4.582621237157801
8.233151896511865
3.6968927834763368
7.4507855617868435
2.333545243735693
6.24654325200179
5.958255057700965
5.4080611313441675
6.616276095021827
6.838055522573884
8.05378164535249
8.557516974893456
2.305848731451232
6.948622688458067
3.2576790258866897
8.31927065539349
2.7145308115667426
7.958336413605354
6.428056727943692
3.33670590680296
6.725370388299207
2.305848731451232
9.104307747352962
2.333545243735693
6.838055522573884
0.8017591149538994
7.060712337446263
0.8017591149538994
3.979366155201983
6.394381373092525
7.023693185010764
6.675731354007683
8.434914652801124
4.402249455139793
6.109279947234236
6.439756568911484
5.081054164894508
9.250664155453402
3.800372388500703
5.819485941579311
5.690513978005122
4.692961638951252
9.162295005003312
4.262897052260806
0.5962292078977726
3.979366155201983
7.427693949615206
6.428056727943692
2.333545243735693
10.217104671013029
4.910252402015155
6.616276095021827
7.958336413605354
6.763495573011339
7.2455012780731884
5.205612601196791
9.720667784699138
6.109279947234236
4.402249455139793
5.7334566453604685
9.613569649142772
5.081054164894508
6.380113140959542
7.268913342228038
6.204848558361875
4.946011690719864
6.5608959991886415
6.060679964128936
5.413903634525803
5.719519695704875
5.268142166917219
3.139908049247135
5.972904353246551
4.402249455139793
4.946011690719864
3.33670590680296
7.54394172891126
6.838055522573884
7.585215830876383
6.675731354007683
2.305848731451232
2.305848731451232
2.3322377550841122
7.373857797967235
2.644520854456544
4.384845222479577
5.07318801554746
8.343107103548002
2.2984864148968094
5.162406924071589
6.26339147662594
3.33670590680296
3.979366155201983
4.934336134854623
2.036327717785946
3.29228159340886
1.2900256809649917
0.5962292078977726
1.5318337432196856
0.8017591149538994
0.5962292078977726
0.5962292078977726
2.2984864148968094
0
0
0.5962292078977726
3.139908049247135
7.982006157691258
0.5962292078977726
0.5962292078977726
0.5962292078977726
0.5962292078977726
4.0037831141163025
0.5962292078977726
0
0.5962292078977726
0.5962292078977726
0
3.800372388500703
2.3322377550841122
2.333545243735693
3.7341065435196765
3.33670590680296
0
2.6911028053586055
0.8017591149538994
0.5962292078977726
2.333545243735693
1.5318337432196856
1.5318337432196856
2.333545243735693
1.5318337432196856
0.5962292078977726
3.33670590680296
1.5318337432196856
0.8017591149538994
2.036327717785946
0.8017591149538994
1.5318337432196856
0.8017591149538994
4.402249455139793
2.305848731451232
3.2576790258866897
1.5318337432196856
5.164770430291106
2.333545243735693
0.5962292078977726
1.2900256809649917
0.8017591149538994
1.2900256809649917
3.2576790258866897
5.205612601196791
0
0.5962292078977726
3.2576790258866897
0.8017591149538994
2.305848731451232
3.2576790258866897
6.485918610674647
6.435590949757605
6.620569093380123
8.291072946605903
3.402639080906241
5.127878841186358
10.339990030075093
5.753731728971512
8.733086973244179
7.6378645183305816
6.728046300962044
7.218908480481402
5.860497887511994
5.264420723438048
4.076181965990394
6.598410044348434
0
5.808752563828119
6.305413389231514
0
6.257743673358572
6.811026789730515
7.891607311087963
3.3461848065955975
5.4181628930699315
0
6.401978555530168
7.007785519899888
2.935094754836633
5.656921595759498
2.935094754836633
2.79980555113762
2.5501948243687376
0
0
0
4.0319146457127015
6.054397624433751
6.401978555530168
6.054397624433751
5.283582986416212
6.054397624433751
0.5962292078977726
8.444136669804404
0
6.561860146340343
6.906819819099442
3.7425335332415366
6.054397624433751
6.6035266845556055
6.43686727411721
0
5.753731728971512
5.072523439247531
0
0
4.076181965990394
6.060164350768668
0
0
0
5.753731728971512
6.523808991394506
6.797014761068408
0
0
2.554116573022308
7.2599398771592645
0
0
2.5501948243687376
4.671944050158252
2.5501948243687376
3.124610448282807
0
0
7.643824518944396
3.124610448282807
5.9819837656426795
0
2.5501948243687376
4.794367668762919
0
0
7.965378696230766
9.085702559521929
7.016868234474207
0
2.935094754836633
5.127878841186358
5.656921595759498
4.076181965990394
0
3.8820287869689305
6.989863893282532
0
0
3.402639080906241
8.417868742983794
0
0
0
0
0
0
4.076181965990394
0
2.5501948243687376
0
9.334159474857948
5.389705133794734
4.692755582239643
4.623712110017779
3.846351097531637
5.298281371135812
0
2.985554814241598
4.671944050158252
5.072523439247531
6.055443649633731
8.304209424511273
3.402639080906241
0
7.643824518944396
5.64539576818323
2.935094754836633
5.656921595759498
6.118808373052694
3.402639080906241
5.756573740960646
0
6.728046300962044
3.3461848065955975
7.750039370408138
0
0
7.0906955048717
0
0
2.554116573022308
3.846351097531637
0
2.79980555113762
0
4.076181965990394
0
0
0
0
7.6830110738424775
2.985554814241598
2.554116573022308
0
0
6.978823816478374
0
4.671944050158252
7.766315459722685
8.467214617086949
2.985554814241598
0
0
6.7445869950948
5.886084397428322
8.202160170157102
3.3461848065955975
0
0
2.921026921895754
3.402639080906241
0
0
0
8.24173915643776
0
0
6.305413389231514
4.076181965990394
0
2.79980555113762
4.076181965990394
3.6930078770297206
5.163697276906054
6.656186728993016
6.329669367037548
7.55404158064538
6.451274521004494
0
0
2.554116573022308
6.344696814317553
5.311622588531181
7.166164535836668
0.5962292078977726
7.4759824639206744
2.5501948243687376
4.871235796704615
3.124610448282807
2.554116573022308
4.609397190965306
4.692755582239643
5.300164687966779
2.935094754836633
0
2.935094754836633
0
4.076181965990394
4.623712110017779
0
3.124610448282807
0
0
0
0
2.554116573022308
0
2.79980555113762
0
0
0
0
4.701184991430905
0
