0
0.4
1.0
0
0
0.4
1.0
0.4
0
0
0
0
0
0
0
0.4
0
0
0
1.0
1.0
0
0.46153846153846156
0
1.0
0
0
0.4
0
0
0
1.0
0
0.5
0
0
0
0
0
0
0
1.0
1.0
0
0
0
0
0
0
0
0.18181818181818182
0
0
0
0
0
0
0
1.0
1.0
0
0
1.0
0
0
0
0
0
0.4
1.0
0.3333333333333333
0
0
0
0.75
0
0.4
0
0
0
0
0
0
0
0
0
0
0
0
0
0
0
0
1.0
0
0.4
0.4
1.0
0
0
0
0
0
0
0
0
0
0
0
0
0.4
0.6
0.9523809523809523
0.9090909090909091
0.8333333333333334
0.875
0.5555555555555556
0.6
0.967741935483871
0.9
0.7058823529411765
0.6666666666666666
1.0
0.8888888888888888
0.96
0.7058823529411765
0.5833333333333334
0.9523809523809523
1.0
1.0
0.9090909090909091
0.10526315789473684
0.47058823529411764
0.8571428571428571
1.0
0.8888888888888888
0.7692307692307693
0.5882352941176471
0.9
0.75
0.9714285714285714
0.7142857142857143
0.8571428571428571
1.0
0.9090909090909091
0.6666666666666666
1.0
0.8421052631578947
0.875
0.6666666666666666
0.6
0.6
0.6
0.8888888888888888
0.9090909090909091
0.9333333333333333
0.4
1.0
1.0
0.8235294117647058
0.9411764705882353
0.9411764705882353
0.9473684210526315
1.0
0.8148148148148148
0.8695652173913043
0.5333333333333333
0.9090909090909091
0.9
1.0
0.8421052631578947
0.47058823529411764
0.7272727272727273
0.9333333333333333
0.9230769230769231
0.7272727272727273
0.75
0.8666666666666667
0.9473684210526315
0.7368421052631579
0.7058823529411765
0.6666666666666666
0.6666666666666666
0.5882352941176471
0.782608695652174
0.9
1.0
0.631578947368421
1.0
0.8421052631578947
0.7142857142857143
0.8571428571428571
0.5882352941176471
0.8571428571428571
1.0
0.9473684210526315
0.9230769230769231
0.875
0.9
0.7619047619047619
0.75
0.5555555555555556
0.8235294117647058
0.9
0.8571428571428571
1.0
0.875
0.5882352941176471
0.9
0.8
0.6666666666666666
0.625
0.9523809523809523
0.6
0.8421052631578947
0.3333333333333333
0.9090909090909091
0.7058823529411765
0.625
0.7142857142857143
0.96
0.6666666666666666
0.8
0.631578947368421
0.5882352941176471
0.1
0.8
0.9411764705882353
0.9333333333333333
0.9
1.0
0.8333333333333334
0.625
0.9230769230769231
1.0
0.7692307692307693
0.7692307692307693
0.7142857142857143
0.8181818181818182
0.6153846153846154
0.8571428571428571
0.9
0.8571428571428571
1.0
0.8421052631578947
0.9333333333333333
0.5714285714285714
0.875
0.9473684210526315
0.9230769230769231
0.9473684210526315
0.96
0.9655172413793104
0.9090909090909091
0.6666666666666666
0.9
0.8571428571428571
0.875
0.9473684210526315
0.96
0.6666666666666666
0.47058823529411764
0.6666666666666666
0.875
0.8333333333333334
0.9411764705882353
0.9
0.7142857142857143
0.7777777777777778
0.8571428571428571
0.9090909090909091
1.0
0.6153846153846154
0.7692307692307693
0.875
0.7692307692307693
0.9333333333333333
0.6
0.8421052631578947
0.6666666666666666
0.4
0.6666666666666666
0.8571428571428571
0.9523809523809523
0.9230769230769231
0.9090909090909091
0.8888888888888888
0.875
0.8
0.9090909090909091
0.875
0.9333333333333333
0.7777777777777778
0.8421052631578947
0.625
0.9090909090909091
0.9
1.0
0.9333333333333333
0.8
0.7777777777777778
0.7058823529411765
0.5714285714285714
0.9230769230769231
0.631578947368421
0.9090909090909091
0.9
0.8571428571428571
0.7619047619047619
0.6666666666666666
0.7692307692307693
0.7777777777777778
0.75
0.631578947368421
0.6666666666666666
0.8571428571428571
0.6
0.96
0.9
0.75
0.35294117647058826
0.8888888888888888
0.8333333333333334
0.8
0.7692307692307693
0.7058823529411765
0.8333333333333334
0.9090909090909091
0.5555555555555556
0.631578947368421
0.7058823529411765
0.6
0.8
0.875
0.8333333333333334
1.0
0.631578947368421
0.9090909090909091
1.0
0.5263157894736842
0.9090909090909091
0.8
0.9473684210526315
0.9473684210526315
0.6666666666666666
0.7058823529411765
0.2857142857142857
0.631578947368421
0.9
0.8823529411764706
1.0
0.6666666666666666
0.8571428571428571
0.8571428571428571
0.7142857142857143
0.6666666666666666
0.631578947368421
0.8888888888888888
0.875
0.631578947368421
0.6
0.631578947368421
0.88
0.8888888888888888
0.8695652173913043
0.8
0.5714285714285714
0.8571428571428571
0.75
0.875
1.0
0.8571428571428571
0.3333333333333333
0.2857142857142857
0.6
0.7142857142857143
0.8333333333333334
0.625
0.46153846153846156
0.5555555555555556
0.8333333333333334
0.9714285714285714
0.5454545454545454
0.5882352941176471
0.9411764705882353
0.875
0.7777777777777778
0.7272727272727273
0.5555555555555556
0.35294117647058826
0.6
0.6666666666666666
0.72
0.9166666666666666
0.9
0.75
0.8888888888888888
0.8333333333333334
0.7692307692307693
0.9473684210526315
0.8888888888888888
0.4
0.625
0.8888888888888888
0.9230769230769231
0.5714285714285714
0.8
0.9333333333333333
0.875
0.6666666666666666
0.5714285714285714
0.8888888888888888
0.8695652173913043
0.8
0.782608695652174
0.6666666666666666
0.8181818181818182
0.9411764705882353
0.631578947368421
0.5263157894736842
1.0
0.6666666666666666
0.75
0.75
0.7058823529411765
0.8571428571428571
0.5333333333333333
0.6
0.5714285714285714
0.9090909090909091
0.8888888888888888
0.6
0.6666666666666666
0.6666666666666666
0.6
0.8333333333333334
0.7142857142857143
0.625
0.8333333333333334
0.6
0.6666666666666666
0.75
0.75
0.7142857142857143
1.0
0.8333333333333334
0.7058823529411765
0.6666666666666666
0.5454545454545454
0.9166666666666666
0.9
0.6
0.7058823529411765
0.75
0.625
0.36363636363636365
0.5555555555555556
0.7777777777777778
1.0
0.6086956521739131
0.9
0.8333333333333334
0.7692307692307693
0.6666666666666666
0.8
0.625
0.8888888888888888
0.7142857142857143
0.7619047619047619
0.625
0.875
0.9473684210526315
0.8888888888888888
0.7857142857142857
0.4
0.8571428571428571
0.6666666666666666
0.75
0.46153846153846156
0.8571428571428571
0.7777777777777778
0.8333333333333334
0.5333333333333333
0.75
0.9230769230769231
0.7777777777777778
0.4
0.625
0.6
0.8421052631578947
0.9090909090909091
0.5454545454545454
0.5714285714285714
1.0
0.9230769230769231
0.8888888888888888
0.7692307692307693
0.8
0.9523809523809523
0.7777777777777778
0.5333333333333333
0.7692307692307693
0.9411764705882353
0.6666666666666666
0.7692307692307693
0.9166666666666666
0.7692307692307693
0.6666666666666666
0.8571428571428571
0.8333333333333334
0.7058823529411765
0.3076923076923077
0.8888888888888888
0.6666666666666666
0.631578947368421
0.5714285714285714
0.8
0.8571428571428571
0.631578947368421
0.8421052631578947
0.7777777777777778
0.75
0.9230769230769231
0.782608695652174
0.9090909090909091
0.8
0.9523809523809523
1.0
0.3076923076923077
0.9523809523809523
0.7777777777777778
0.7692307692307693
0.7692307692307693
0.8571428571428571
0.6666666666666666
0.8333333333333334
0.625
0.6666666666666666
0.625
0.875
0.7272727272727273
1.0
1.0
0.9411764705882353
0.6
0.8888888888888888
0.6
0.6666666666666666
0.631578947368421
0.6666666666666666
0.2857142857142857
0.4
0.8235294117647058
0.9230769230769231
0.8235294117647058
0.8571428571428571
0.7058823529411765
0.9473684210526315
0.6666666666666666
0.8235294117647058
0.8181818181818182
0.5714285714285714
0.6
0.6666666666666666
0.9333333333333333
0.8888888888888888
0.7058823529411765
0.8888888888888888
0.8
0.7692307692307693
0.6666666666666666
0.6666666666666666
0.8571428571428571
0.8333333333333334
0.7142857142857143
0.7692307692307693
0.6666666666666666
0.8
0.6153846153846154
1.0
0.625
0.5882352941176471
0.7368421052631579
0.8333333333333334
0.7777777777777778
0.875
0.8333333333333334
0.4
0.9230769230769231
0.6
0.625
0.8235294117647058
0.9523809523809523
0.75
0.47058823529411764
0.8421052631578947
0.9230769230769231
0.47058823529411764
0.9523809523809523
0.8
0.5714285714285714
0.8
0.7692307692307693
0.7058823529411765
0.4
0.15384615384615385
0.631578947368421
0.6666666666666666
0.6666666666666666
0.9333333333333333
0.9333333333333333
0.7692307692307693
0.5
0.6666666666666666
0.631578947368421
0.6
0.7692307692307693
0.75
0.7692307692307693
0.875
0.5
0.8421052631578947
0.5714285714285714
0.7692307692307693
0.8571428571428571
0.9411764705882353
0.8
0.9090909090909091
0.9411764705882353
0.8235294117647058
0.5263157894736842
0.7692307692307693
0.6666666666666666
0.9523809523809523
0.7142857142857143
0.8571428571428571
0.8
0.3333333333333333
0.7058823529411765
0.5555555555555556
0.8
0.5714285714285714
0.8695652173913043
0.2222222222222222
0.875
0.23529411764705882
0.75
0.8235294117647058
0.75
0.8
0.9473684210526315
0.625
0.6
0.8333333333333334
0.7692307692307693
1.0
0.6666666666666666
0.7142857142857143
0.7058823529411765
0.8
0.96
0.7142857142857143
0.25
0.7058823529411765
0.8235294117647058
0.8
0.5714285714285714
1.0
0.631578947368421
0.8
0.8571428571428571
0.9
0.9333333333333333
0.875
0.8888888888888888
0.7692307692307693
0.5555555555555556
0.8
0.8571428571428571
0.625
0.9411764705882353
0.8571428571428571
0.75
0.6666666666666666
0.7777777777777778
0.8
0.7586206896551724
0.75
0.7368421052631579
0.4
0.7
0.5555555555555556
1.0
0.35294117647058826
0.9523809523809523
0.9090909090909091
0.9473684210526315
0.8
0.5555555555555556
0.7142857142857143
0.5882352941176471
1.0
0.5333333333333333
0.6666666666666666
0.7692307692307693
0.9090909090909091
0.5454545454545454
0.7142857142857143
0.631578947368421
0.42857142857142855
0.631578947368421
0.7142857142857143
0.5714285714285714
0.5
0.35294117647058826
0.3333333333333333
0.47058823529411764
0.3076923076923077
0.3333333333333333
0.25
0.375
0.4
0.18181818181818182
0.3333333333333333
0.5714285714285714
0.5
0.23529411764705882
0.2857142857142857
0.2222222222222222
0.3076923076923077
0.631578947368421
0.2222222222222222
0.15384615384615385
0.2857142857142857
0.3333333333333333
0.15384615384615385
0.7692307692307693
0.5
0.5882352941176471
0.6666666666666666
0.4
0.13333333333333333
0.46153846153846156
0.3333333333333333
0.25
0.46153846153846156
0.4
0.47058823529411764
0.631578947368421
0.42105263157894735
0.3333333333333333
0.42857142857142855
0.4444444444444444
0.23529411764705882
0.47058823529411764
0.3333333333333333
0.42105263157894735
0.3076923076923077
0.7142857142857143
0.5555555555555556
0.6
0.47058823529411764
0.631578947368421
0.6
0.3076923076923077
0.42857142857142855
0.25
0.42857142857142855
0.75
0.875
0.18181818181818182
0.4
0.625
0.26666666666666666
0.5555555555555556
0.631578947368421
0.6666666666666666
0.8
0.5
1.0
0.4
0.5
1.0
0.75
0.9333333333333333
0.4
0.8571428571428571
0.8
1.0
0.6666666666666666
0.5
0.8571428571428571
0.5
0.8
0.75
0.4
1.0
1.0
0.8571428571428571
0.8888888888888888
0.5714285714285714
0.2857142857142857
0.8
0.8888888888888888
0.25
0.5
0.5
0.5714285714285714
0.2857142857142857
0.4
0.5
0.3333333333333333
0.8
0.6666666666666666
0.8571428571428571
0.8571428571428571
0.5
0.8571428571428571
0.5
1.0
0.5
0.8888888888888888
0.8
0.4
0.75
1.0
1.0
0.5
0.75
0.5
0.5
0.4
0.5
0.5
0.5
0.4
0.5
0.75
0.4
1.0
0.5
0.5
0.5
1.0
0.5
0.5
0.3333333333333333
0.7142857142857143
0.4
0.5
0.5
0.4
0.8
0.5
0.4
0.4
0.5
0.5
0.4
0.4
0.8
1.0
0.5
0.5
0.3333333333333333
0.5
0.4
0.5
0.3333333333333333
0.7368421052631579
0.8
0.4
0.5
0.3333333333333333
0.5
0.4
0.2857142857142857
0.5
0.3333333333333333
0.4
0.3333333333333333
0.5714285714285714
0.5
0.5
0.5
1.0
0.5
0.5555555555555556
0.5714285714285714
0.4
0.6666666666666666
0.25
0.5454545454545454
0.7692307692307693
0.5
0.5
0.6666666666666666
0.2222222222222222
0.4
0.8
0.5
0.4
0.4
0.8421052631578947
0.4
0.8888888888888888
0.3333333333333333
0.8571428571428571
0.8
0.4
0.5
0.4
0.9090909090909091
0.4
0.5
0.5
0.5
0.2857142857142857
0.5
0.2857142857142857
0.5
0.25
0.3333333333333333
0.4
0.5
0.8571428571428571
0.5454545454545454
0.4
0.3333333333333333
0.2857142857142857
0.75
0.4
0.8333333333333334
0.8571428571428571
1.0
0.46153846153846156
0.4
0.5
0.6666666666666666
0.8571428571428571
0.4
0.5714285714285714
0.4
0.4
0.4
0.4
0.25
0.3333333333333333
0.4
0.75
0.4
0.5
0.6666666666666666
0.6666666666666666
0.5
0.5
0.5
0.8333333333333334
0.5454545454545454
0.8888888888888888
0.6666666666666666
0.5
0.5
0.5
0.5
0.5
0.8
0.5882352941176471
0.75
0.4
0.3333333333333333
0.5
0.8
0.4
0.5263157894736842
0.75
0.4
0.6666666666666666
0.4
0.5
0.3333333333333333
0.4
0.5
0.6666666666666666
0.4
0.4
0.4
0.3333333333333333
0.3333333333333333
0.5
0.5
0.2
0.4444444444444444
0.5
0.5
0.3333333333333333
0.4
0.5
0.4
